33741
5288826
5284371
5284570
4095
4058
5284603
5359371
5361092
10100
441278
5360515
41693
51263
3345
3955
5311304
5359272
137
60815
8944
644073
5284569
13505
5284596
5284604
3033053
15130
10517
107765
5462328
61791
5359271
26721
92943
5362456
62156
443408
5284543
22308
5359421
30668
46931003
9838022
5284594
5488548
10101
5361918
6917707
104787
56959087
10070040
11250029

5284595
10090
54732242
67156338
23630026
44129648
9331
11667832
10457387
55652
24737629
6471
5362460
6445230
41049
22267
11226
14707
30131
449698
49836084
